solid walls
  facet normal 9.823441e-01 1.870831e-01 0.000000e+00
    outer loop
      vertex -2.954029e+00 -4.268982e-01 0.000000e+00
      vertex -2.994889e+00 -2.123492e-01 0.000000e+00
      vertex -2.994889e+00 -2.123492e-01 3.000000e-01
    endloop
  endfacet
  facet normal -9.823441e-01 -1.870831e-01 0.000000e+00
    outer loop
      vertex -2.954029e+00 -4.268982e-01 0.000000e+00
      vertex -2.994889e+00 -2.123492e-01 3.000000e-01
      vertex -2.994889e+00 -2.123492e-01 0.000000e+00
    endloop
  endfacet
  facet normal 9.823441e-01 1.870831e-01 -0.000000e+00
    outer loop
      vertex -2.954029e+00 -4.268982e-01 0.000000e+00
      vertex -2.994889e+00 -2.123492e-01 3.000000e-01
      vertex -2.954029e+00 -4.268982e-01 3.000000e-01
    endloop
  endfacet
  facet normal -9.823441e-01 -1.870831e-01 0.000000e+00
    outer loop
      vertex -2.954029e+00 -4.268982e-01 0.000000e+00
      vertex -2.954029e+00 -4.268982e-01 3.000000e-01
      vertex -2.994889e+00 -2.123492e-01 3.000000e-01
    endloop
  endfacet
  facet normal -9.823328e-01 -1.871424e-01 0.000000e+00
    outer loop
      vertex -2.945111e+00 -2.076508e-01 0.000000e+00
      vertex -2.905971e+00 -4.131018e-01 0.000000e+00
      vertex -2.905971e+00 -4.131018e-01 3.000000e-01
    endloop
  endfacet
  facet normal 9.823328e-01 1.871424e-01 0.000000e+00
    outer loop
      vertex -2.945111e+00 -2.076508e-01 0.000000e+00
      vertex -2.905971e+00 -4.131018e-01 3.000000e-01
      vertex -2.905971e+00 -4.131018e-01 0.000000e+00
    endloop
  endfacet
  facet normal -9.823328e-01 -1.871424e-01 0.000000e+00
    outer loop
      vertex -2.945111e+00 -2.076508e-01 0.000000e+00
      vertex -2.905971e+00 -4.131018e-01 3.000000e-01
      vertex -2.945111e+00 -2.076508e-01 3.000000e-01
    endloop
  endfacet
  facet normal 9.823328e-01 1.871424e-01 -0.000000e+00
    outer loop
      vertex -2.945111e+00 -2.076508e-01 0.000000e+00
      vertex -2.945111e+00 -2.076508e-01 3.000000e-01
      vertex -2.905971e+00 -4.131018e-01 3.000000e-01
    endloop
  endfacet
  facet normal 0.000000e+00 0.000000e+00 -1.000000e+00
    outer loop
      vertex -2.954029e+00 -4.268982e-01 3.000000e-01
      vertex -2.994889e+00 -2.123492e-01 3.000000e-01
      vertex -2.945111e+00 -2.076508e-01 3.000000e-01
    endloop
  endfacet
  facet normal 0.000000e+00 -0.000000e+00 1.000000e+00
    outer loop
      vertex -2.954029e+00 -4.268982e-01 3.000000e-01
      vertex -2.945111e+00 -2.076508e-01 3.000000e-01
      vertex -2.994889e+00 -2.123492e-01 3.000000e-01
    endloop
  endfacet
  facet normal 0.000000e+00 0.000000e+00 -1.000000e+00
    outer loop
      vertex -2.954029e+00 -4.268982e-01 3.000000e-01
      vertex -2.945111e+00 -2.076508e-01 3.000000e-01
      vertex -2.905971e+00 -4.131018e-01 3.000000e-01
    endloop
  endfacet
  facet normal 0.000000e+00 0.000000e+00 1.000000e+00
    outer loop
      vertex -2.954029e+00 -4.268982e-01 3.000000e-01
      vertex -2.905971e+00 -4.131018e-01 3.000000e-01
      vertex -2.945111e+00 -2.076508e-01 3.000000e-01
    endloop
  endfacet
  facet normal 1.000000e+00 3.612252e-05 0.000000e+00
    outer loop
      vertex -2.994889e+00 -2.123492e-01 0.000000e+00
      vertex -2.994905e+00 2.121805e-01 0.000000e+00
      vertex -2.994905e+00 2.121805e-01 3.000000e-01
    endloop
  endfacet
  facet normal -1.000000e+00 -3.612252e-05 0.000000e+00
    outer loop
      vertex -2.994889e+00 -2.123492e-01 0.000000e+00
      vertex -2.994905e+00 2.121805e-01 3.000000e-01
      vertex -2.994905e+00 2.121805e-01 0.000000e+00
    endloop
  endfacet
  facet normal 1.000000e+00 3.612252e-05 -0.000000e+00
    outer loop
      vertex -2.994889e+00 -2.123492e-01 0.000000e+00
      vertex -2.994905e+00 2.121805e-01 3.000000e-01
      vertex -2.994889e+00 -2.123492e-01 3.000000e-01
    endloop
  endfacet
  facet normal -1.000000e+00 -3.612252e-05 0.000000e+00
    outer loop
      vertex -2.994889e+00 -2.123492e-01 0.000000e+00
      vertex -2.994889e+00 -2.123492e-01 3.000000e-01
      vertex -2.994905e+00 2.121805e-01 3.000000e-01
    endloop
  endfacet
  facet normal -1.000000e+00 3.691018e-05 0.000000e+00
    outer loop
      vertex -2.945095e+00 2.078195e-01 0.000000e+00
      vertex -2.945111e+00 -2.076508e-01 0.000000e+00
      vertex -2.945111e+00 -2.076508e-01 3.000000e-01
    endloop
  endfacet
  facet normal 1.000000e+00 -3.691018e-05 0.000000e+00
    outer loop
      vertex -2.945095e+00 2.078195e-01 0.000000e+00
      vertex -2.945111e+00 -2.076508e-01 3.000000e-01
      vertex -2.945111e+00 -2.076508e-01 0.000000e+00
    endloop
  endfacet
  facet normal -1.000000e+00 3.691018e-05 0.000000e+00
    outer loop
      vertex -2.945095e+00 2.078195e-01 0.000000e+00
      vertex -2.945111e+00 -2.076508e-01 3.000000e-01
      vertex -2.945095e+00 2.078195e-01 3.000000e-01
    endloop
  endfacet
  facet normal 1.000000e+00 -3.691018e-05 0.000000e+00
    outer loop
      vertex -2.945095e+00 2.078195e-01 0.000000e+00
      vertex -2.945095e+00 2.078195e-01 3.000000e-01
      vertex -2.945111e+00 -2.076508e-01 3.000000e-01
    endloop
  endfacet
  facet normal 0.000000e+00 0.000000e+00 -1.000000e+00
    outer loop
      vertex -2.994889e+00 -2.123492e-01 3.000000e-01
      vertex -2.994905e+00 2.121805e-01 3.000000e-01
      vertex -2.945095e+00 2.078195e-01 3.000000e-01
    endloop
  endfacet
  facet normal 0.000000e+00 -0.000000e+00 1.000000e+00
    outer loop
      vertex -2.994889e+00 -2.123492e-01 3.000000e-01
      vertex -2.945095e+00 2.078195e-01 3.000000e-01
      vertex -2.994905e+00 2.121805e-01 3.000000e-01
    endloop
  endfacet
  facet normal 0.000000e+00 0.000000e+00 -1.000000e+00
    outer loop
      vertex -2.994889e+00 -2.123492e-01 3.000000e-01
      vertex -2.945095e+00 2.078195e-01 3.000000e-01
      vertex -2.945111e+00 -2.076508e-01 3.000000e-01
    endloop
  endfacet
  facet normal 0.000000e+00 0.000000e+00 1.000000e+00
    outer loop
      vertex -2.994889e+00 -2.123492e-01 3.000000e-01
      vertex -2.945111e+00 -2.076508e-01 3.000000e-01
      vertex -2.945095e+00 2.078195e-01 3.000000e-01
    endloop
  endfacet
  facet normal 9.848021e-01 -1.736802e-01 0.000000e+00
    outer loop
      vertex -2.994905e+00 2.121805e-01 0.000000e+00
      vertex -2.964205e+00 3.862549e-01 0.000000e+00
      vertex -2.964205e+00 3.862549e-01 3.000000e-01
    endloop
  endfacet
  facet normal -9.848021e-01 1.736802e-01 0.000000e+00
    outer loop
      vertex -2.994905e+00 2.121805e-01 0.000000e+00
      vertex -2.964205e+00 3.862549e-01 3.000000e-01
      vertex -2.964205e+00 3.862549e-01 0.000000e+00
    endloop
  endfacet
  facet normal 9.848021e-01 -1.736802e-01 0.000000e+00
    outer loop
      vertex -2.994905e+00 2.121805e-01 0.000000e+00
      vertex -2.964205e+00 3.862549e-01 3.000000e-01
      vertex -2.994905e+00 2.121805e-01 3.000000e-01
    endloop
  endfacet
  facet normal -9.848021e-01 1.736802e-01 0.000000e+00
    outer loop
      vertex -2.994905e+00 2.121805e-01 0.000000e+00
      vertex -2.994905e+00 2.121805e-01 3.000000e-01
      vertex -2.964205e+00 3.862549e-01 3.000000e-01
    endloop
  endfacet
  facet normal -9.847641e-01 1.738957e-01 0.000000e+00
    outer loop
      vertex -2.915795e+00 3.737451e-01 0.000000e+00
      vertex -2.945095e+00 2.078195e-01 0.000000e+00
      vertex -2.945095e+00 2.078195e-01 3.000000e-01
    endloop
  endfacet
  facet normal 9.847641e-01 -1.738957e-01 0.000000e+00
    outer loop
      vertex -2.915795e+00 3.737451e-01 0.000000e+00
      vertex -2.945095e+00 2.078195e-01 3.000000e-01
      vertex -2.945095e+00 2.078195e-01 0.000000e+00
    endloop
  endfacet
  facet normal -9.847641e-01 1.738957e-01 0.000000e+00
    outer loop
      vertex -2.915795e+00 3.737451e-01 0.000000e+00
      vertex -2.945095e+00 2.078195e-01 3.000000e-01
      vertex -2.915795e+00 3.737451e-01 3.000000e-01
    endloop
  endfacet
  facet normal 9.847641e-01 -1.738957e-01 0.000000e+00
    outer loop
      vertex -2.915795e+00 3.737451e-01 0.000000e+00
      vertex -2.915795e+00 3.737451e-01 3.000000e-01
      vertex -2.945095e+00 2.078195e-01 3.000000e-01
    endloop
  endfacet
  facet normal 0.000000e+00 0.000000e+00 -1.000000e+00
    outer loop
      vertex -2.994905e+00 2.121805e-01 3.000000e-01
      vertex -2.964205e+00 3.862549e-01 3.000000e-01
      vertex -2.915795e+00 3.737451e-01 3.000000e-01
    endloop
  endfacet
  facet normal 0.000000e+00 0.000000e+00 1.000000e+00
    outer loop
      vertex -2.994905e+00 2.121805e-01 3.000000e-01
      vertex -2.915795e+00 3.737451e-01 3.000000e-01
      vertex -2.964205e+00 3.862549e-01 3.000000e-01
    endloop
  endfacet
  facet normal 0.000000e+00 0.000000e+00 -1.000000e+00
    outer loop
      vertex -2.994905e+00 2.121805e-01 3.000000e-01
      vertex -2.915795e+00 3.737451e-01 3.000000e-01
      vertex -2.945095e+00 2.078195e-01 3.000000e-01
    endloop
  endfacet
  facet normal -0.000000e+00 0.000000e+00 1.000000e+00
    outer loop
      vertex -2.994905e+00 2.121805e-01 3.000000e-01
      vertex -2.945095e+00 2.078195e-01 3.000000e-01
      vertex -2.915795e+00 3.737451e-01 3.000000e-01
    endloop
  endfacet
  facet normal 9.456025e-01 -3.253243e-01 0.000000e+00
    outer loop
      vertex -2.964205e+00 3.862549e-01 0.000000e+00
      vertex -2.852553e+00 7.107870e-01 0.000000e+00
      vertex -2.852553e+00 7.107870e-01 3.000000e-01
    endloop
  endfacet
  facet normal -9.456025e-01 3.253243e-01 0.000000e+00
    outer loop
      vertex -2.964205e+00 3.862549e-01 0.000000e+00
      vertex -2.852553e+00 7.107870e-01 3.000000e-01
      vertex -2.852553e+00 7.107870e-01 0.000000e+00
    endloop
  endfacet
  facet normal 9.456025e-01 -3.253243e-01 0.000000e+00
    outer loop
      vertex -2.964205e+00 3.862549e-01 0.000000e+00
      vertex -2.852553e+00 7.107870e-01 3.000000e-01
      vertex -2.964205e+00 3.862549e-01 3.000000e-01
    endloop
  endfacet
  facet normal -9.456025e-01 3.253243e-01 0.000000e+00
    outer loop
      vertex -2.964205e+00 3.862549e-01 0.000000e+00
      vertex -2.964205e+00 3.862549e-01 3.000000e-01
      vertex -2.852553e+00 7.107870e-01 3.000000e-01
    endloop
  endfacet
  facet normal -9.457730e-01 3.248282e-01 0.000000e+00
    outer loop
      vertex -2.807447e+00 6.892130e-01 0.000000e+00
      vertex -2.915795e+00 3.737451e-01 0.000000e+00
      vertex -2.915795e+00 3.737451e-01 3.000000e-01
    endloop
  endfacet
  facet normal 9.457730e-01 -3.248282e-01 0.000000e+00
    outer loop
      vertex -2.807447e+00 6.892130e-01 0.000000e+00
      vertex -2.915795e+00 3.737451e-01 3.000000e-01
      vertex -2.915795e+00 3.737451e-01 0.000000e+00
    endloop
  endfacet
  facet normal -9.457730e-01 3.248282e-01 0.000000e+00
    outer loop
      vertex -2.807447e+00 6.892130e-01 0.000000e+00
      vertex -2.915795e+00 3.737451e-01 3.000000e-01
      vertex -2.807447e+00 6.892130e-01 3.000000e-01
    endloop
  endfacet
  facet normal 9.457730e-01 -3.248282e-01 0.000000e+00
    outer loop
      vertex -2.807447e+00 6.892130e-01 0.000000e+00
      vertex -2.807447e+00 6.892130e-01 3.000000e-01
      vertex -2.915795e+00 3.737451e-01 3.000000e-01
    endloop
  endfacet
  facet normal 0.000000e+00 0.000000e+00 -1.000000e+00
    outer loop
      vertex -2.964205e+00 3.862549e-01 3.000000e-01
      vertex -2.852553e+00 7.107870e-01 3.000000e-01
      vertex -2.807447e+00 6.892130e-01 3.000000e-01
    endloop
  endfacet
  facet normal 0.000000e+00 0.000000e+00 1.000000e+00
    outer loop
      vertex -2.964205e+00 3.862549e-01 3.000000e-01
      vertex -2.807447e+00 6.892130e-01 3.000000e-01
      vertex -2.852553e+00 7.107870e-01 3.000000e-01
    endloop
  endfacet
  facet normal 0.000000e+00 0.000000e+00 -1.000000e+00
    outer loop
      vertex -2.964205e+00 3.862549e-01 3.000000e-01
      vertex -2.807447e+00 6.892130e-01 3.000000e-01
      vertex -2.915795e+00 3.737451e-01 3.000000e-01
    endloop
  endfacet
  facet normal -0.000000e+00 0.000000e+00 1.000000e+00
    outer loop
      vertex -2.964205e+00 3.862549e-01 3.000000e-01
      vertex -2.915795e+00 3.737451e-01 3.000000e-01
      vertex -2.807447e+00 6.892130e-01 3.000000e-01
    endloop
  endfacet
  facet normal 8.466187e-01 -5.321999e-01 0.000000e+00
    outer loop
      vertex -2.852553e+00 7.107870e-01 0.000000e+00
      vertex -2.629424e+00 1.065739e+00 0.000000e+00
      vertex -2.629424e+00 1.065739e+00 3.000000e-01
    endloop
  endfacet
  facet normal -8.466187e-01 5.321999e-01 0.000000e+00
    outer loop
      vertex -2.852553e+00 7.107870e-01 0.000000e+00
      vertex -2.629424e+00 1.065739e+00 3.000000e-01
      vertex -2.629424e+00 1.065739e+00 0.000000e+00
    endloop
  endfacet
  facet normal 8.466187e-01 -5.321999e-01 0.000000e+00
    outer loop
      vertex -2.852553e+00 7.107870e-01 0.000000e+00
      vertex -2.629424e+00 1.065739e+00 3.000000e-01
      vertex -2.852553e+00 7.107870e-01 3.000000e-01
    endloop
  endfacet
  facet normal -8.466187e-01 5.321999e-01 0.000000e+00
    outer loop
      vertex -2.852553e+00 7.107870e-01 0.000000e+00
      vertex -2.852553e+00 7.107870e-01 3.000000e-01
      vertex -2.629424e+00 1.065739e+00 3.000000e-01
    endloop
  endfacet
  facet normal -8.466549e-01 5.321424e-01 0.000000e+00
    outer loop
      vertex -2.590576e+00 1.034261e+00 0.000000e+00
      vertex -2.807447e+00 6.892130e-01 0.000000e+00
      vertex -2.807447e+00 6.892130e-01 3.000000e-01
    endloop
  endfacet
  facet normal 8.466549e-01 -5.321424e-01 0.000000e+00
    outer loop
      vertex -2.590576e+00 1.034261e+00 0.000000e+00
      vertex -2.807447e+00 6.892130e-01 3.000000e-01
      vertex -2.807447e+00 6.892130e-01 0.000000e+00
    endloop
  endfacet
  facet normal -8.466549e-01 5.321424e-01 0.000000e+00
    outer loop
      vertex -2.590576e+00 1.034261e+00 0.000000e+00
      vertex -2.807447e+00 6.892130e-01 3.000000e-01
      vertex -2.590576e+00 1.034261e+00 3.000000e-01
    endloop
  endfacet
  facet normal 8.466549e-01 -5.321424e-01 0.000000e+00
    outer loop
      vertex -2.590576e+00 1.034261e+00 0.000000e+00
      vertex -2.590576e+00 1.034261e+00 3.000000e-01
      vertex -2.807447e+00 6.892130e-01 3.000000e-01
    endloop
  endfacet
  facet normal 0.000000e+00 0.000000e+00 -1.000000e+00
    outer loop
      vertex -2.852553e+00 7.107870e-01 3.000000e-01
      vertex -2.629424e+00 1.065739e+00 3.000000e-01
      vertex -2.590576e+00 1.034261e+00 3.000000e-01
    endloop
  endfacet
  facet normal 0.000000e+00 0.000000e+00 1.000000e+00
    outer loop
      vertex -2.852553e+00 7.107870e-01 3.000000e-01
      vertex -2.590576e+00 1.034261e+00 3.000000e-01
      vertex -2.629424e+00 1.065739e+00 3.000000e-01
    endloop
  endfacet
  facet normal 0.000000e+00 0.000000e+00 -1.000000e+00
    outer loop
      vertex -2.852553e+00 7.107870e-01 3.000000e-01
      vertex -2.590576e+00 1.034261e+00 3.000000e-01
      vertex -2.807447e+00 6.892130e-01 3.000000e-01
    endloop
  endfacet
  facet normal -0.000000e+00 0.000000e+00 1.000000e+00
    outer loop
      vertex -2.852553e+00 7.107870e-01 3.000000e-01
      vertex -2.807447e+00 6.892130e-01 3.000000e-01
      vertex -2.590576e+00 1.034261e+00 3.000000e-01
    endloop
  endfacet
  facet normal 6.961257e-01 -7.179199e-01 0.000000e+00
    outer loop
      vertex -2.629424e+00 1.065739e+00 0.000000e+00
      vertex -2.295048e+00 1.389964e+00 0.000000e+00
      vertex -2.295048e+00 1.389964e+00 3.000000e-01
    endloop
  endfacet
  facet normal -6.961257e-01 7.179199e-01 0.000000e+00
    outer loop
      vertex -2.629424e+00 1.065739e+00 0.000000e+00
      vertex -2.295048e+00 1.389964e+00 3.000000e-01
      vertex -2.295048e+00 1.389964e+00 0.000000e+00
    endloop
  endfacet
  facet normal 6.961257e-01 -7.179199e-01 0.000000e+00
    outer loop
      vertex -2.629424e+00 1.065739e+00 0.000000e+00
      vertex -2.295048e+00 1.389964e+00 3.000000e-01
      vertex -2.629424e+00 1.065739e+00 3.000000e-01
    endloop
  endfacet
  facet normal -6.961257e-01 7.179199e-01 0.000000e+00
    outer loop
      vertex -2.629424e+00 1.065739e+00 0.000000e+00
      vertex -2.629424e+00 1.065739e+00 3.000000e-01
      vertex -2.295048e+00 1.389964e+00 3.000000e-01
    endloop
  endfacet
  facet normal -6.961665e-01 7.178804e-01 0.000000e+00
    outer loop
      vertex -2.264952e+00 1.350036e+00 0.000000e+00
      vertex -2.590576e+00 1.034261e+00 0.000000e+00
      vertex -2.590576e+00 1.034261e+00 3.000000e-01
    endloop
  endfacet
  facet normal 6.961665e-01 -7.178804e-01 0.000000e+00
    outer loop
      vertex -2.264952e+00 1.350036e+00 0.000000e+00
      vertex -2.590576e+00 1.034261e+00 3.000000e-01
      vertex -2.590576e+00 1.034261e+00 0.000000e+00
    endloop
  endfacet
  facet normal -6.961665e-01 7.178804e-01 0.000000e+00
    outer loop
      vertex -2.264952e+00 1.350036e+00 0.000000e+00
      vertex -2.590576e+00 1.034261e+00 3.000000e-01
      vertex -2.264952e+00 1.350036e+00 3.000000e-01
    endloop
  endfacet
  facet normal 6.961665e-01 -7.178804e-01 0.000000e+00
    outer loop
      vertex -2.264952e+00 1.350036e+00 0.000000e+00
      vertex -2.264952e+00 1.350036e+00 3.000000e-01
      vertex -2.590576e+00 1.034261e+00 3.000000e-01
    endloop
  endfacet
  facet normal 0.000000e+00 0.000000e+00 -1.000000e+00
    outer loop
      vertex -2.629424e+00 1.065739e+00 3.000000e-01
      vertex -2.295048e+00 1.389964e+00 3.000000e-01
      vertex -2.264952e+00 1.350036e+00 3.000000e-01
    endloop
  endfacet
  facet normal 0.000000e+00 0.000000e+00 1.000000e+00
    outer loop
      vertex -2.629424e+00 1.065739e+00 3.000000e-01
      vertex -2.264952e+00 1.350036e+00 3.000000e-01
      vertex -2.295048e+00 1.389964e+00 3.000000e-01
    endloop
  endfacet
  facet normal 0.000000e+00 0.000000e+00 -1.000000e+00
    outer loop
      vertex -2.629424e+00 1.065739e+00 3.000000e-01
      vertex -2.264952e+00 1.350036e+00 3.000000e-01
      vertex -2.590576e+00 1.034261e+00 3.000000e-01
    endloop
  endfacet
  facet normal -0.000000e+00 0.000000e+00 1.000000e+00
    outer loop
      vertex -2.629424e+00 1.065739e+00 3.000000e-01
      vertex -2.590576e+00 1.034261e+00 3.000000e-01
      vertex -2.264952e+00 1.350036e+00 3.000000e-01
    endloop
  endfacet
  facet normal 4.985958e-01 -8.668346e-01 0.000000e+00
    outer loop
      vertex -2.295048e+00 1.389964e+00 0.000000e+00
      vertex -1.890235e+00 1.622809e+00 0.000000e+00
      vertex -1.890235e+00 1.622809e+00 3.000000e-01
    endloop
  endfacet
  facet normal -4.985958e-01 8.668346e-01 0.000000e+00
    outer loop
      vertex -2.295048e+00 1.389964e+00 0.000000e+00
      vertex -1.890235e+00 1.622809e+00 3.000000e-01
      vertex -1.890235e+00 1.622809e+00 0.000000e+00
    endloop
  endfacet
  facet normal 4.985958e-01 -8.668346e-01 0.000000e+00
    outer loop
      vertex -2.295048e+00 1.389964e+00 0.000000e+00
      vertex -1.890235e+00 1.622809e+00 3.000000e-01
      vertex -2.295048e+00 1.389964e+00 3.000000e-01
    endloop
  endfacet
  facet normal -4.985958e-01 8.668346e-01 0.000000e+00
    outer loop
      vertex -2.295048e+00 1.389964e+00 0.000000e+00
      vertex -2.295048e+00 1.389964e+00 3.000000e-01
      vertex -1.890235e+00 1.622809e+00 3.000000e-01
    endloop
  endfacet
  facet normal -4.983434e-01 8.669797e-01 0.000000e+00
    outer loop
      vertex -1.869765e+00 1.577191e+00 0.000000e+00
      vertex -2.264952e+00 1.350036e+00 0.000000e+00
      vertex -2.264952e+00 1.350036e+00 3.000000e-01
    endloop
  endfacet
  facet normal 4.983434e-01 -8.669797e-01 0.000000e+00
    outer loop
      vertex -1.869765e+00 1.577191e+00 0.000000e+00
      vertex -2.264952e+00 1.350036e+00 3.000000e-01
      vertex -2.264952e+00 1.350036e+00 0.000000e+00
    endloop
  endfacet
  facet normal -4.983434e-01 8.669797e-01 0.000000e+00
    outer loop
      vertex -1.869765e+00 1.577191e+00 0.000000e+00
      vertex -2.264952e+00 1.350036e+00 3.000000e-01
      vertex -1.869765e+00 1.577191e+00 3.000000e-01
    endloop
  endfacet
  facet normal 4.983434e-01 -8.669797e-01 0.000000e+00
    outer loop
      vertex -1.869765e+00 1.577191e+00 0.000000e+00
      vertex -1.869765e+00 1.577191e+00 3.000000e-01
      vertex -2.264952e+00 1.350036e+00 3.000000e-01
    endloop
  endfacet
  facet normal 0.000000e+00 0.000000e+00 -1.000000e+00
    outer loop
      vertex -2.295048e+00 1.389964e+00 3.000000e-01
      vertex -1.890235e+00 1.622809e+00 3.000000e-01
      vertex -1.869765e+00 1.577191e+00 3.000000e-01
    endloop
  endfacet
  facet normal 0.000000e+00 0.000000e+00 1.000000e+00
    outer loop
      vertex -2.295048e+00 1.389964e+00 3.000000e-01
      vertex -1.869765e+00 1.577191e+00 3.000000e-01
      vertex -1.890235e+00 1.622809e+00 3.000000e-01
    endloop
  endfacet
  facet normal 0.000000e+00 0.000000e+00 -1.000000e+00
    outer loop
      vertex -2.295048e+00 1.389964e+00 3.000000e-01
      vertex -1.869765e+00 1.577191e+00 3.000000e-01
      vertex -2.264952e+00 1.350036e+00 3.000000e-01
    endloop
  endfacet
  facet normal -0.000000e+00 0.000000e+00 1.000000e+00
    outer loop
      vertex -2.295048e+00 1.389964e+00 3.000000e-01
      vertex -2.264952e+00 1.350036e+00 3.000000e-01
      vertex -1.869765e+00 1.577191e+00 3.000000e-01
    endloop
  endfacet
  facet normal 3.163091e-01 -9.486562e-01 0.000000e+00
    outer loop
      vertex -1.890235e+00 1.622809e+00 0.000000e+00
      vertex -1.495874e+00 1.754300e+00 0.000000e+00
      vertex -1.495874e+00 1.754300e+00 3.000000e-01
    endloop
  endfacet
  facet normal -3.163091e-01 9.486562e-01 0.000000e+00
    outer loop
      vertex -1.890235e+00 1.622809e+00 0.000000e+00
      vertex -1.495874e+00 1.754300e+00 3.000000e-01
      vertex -1.495874e+00 1.754300e+00 0.000000e+00
    endloop
  endfacet
  facet normal 3.163091e-01 -9.486562e-01 0.000000e+00
    outer loop
      vertex -1.890235e+00 1.622809e+00 0.000000e+00
      vertex -1.495874e+00 1.754300e+00 3.000000e-01
      vertex -1.890235e+00 1.622809e+00 3.000000e-01
    endloop
  endfacet
  facet normal -3.163091e-01 9.486562e-01 0.000000e+00
    outer loop
      vertex -1.890235e+00 1.622809e+00 0.000000e+00
      vertex -1.890235e+00 1.622809e+00 3.000000e-01
      vertex -1.495874e+00 1.754300e+00 3.000000e-01
    endloop
  endfacet
  facet normal -3.161445e-01 9.487110e-01 0.000000e+00
    outer loop
      vertex -1.484126e+00 1.705700e+00 0.000000e+00
      vertex -1.869765e+00 1.577191e+00 0.000000e+00
      vertex -1.869765e+00 1.577191e+00 3.000000e-01
    endloop
  endfacet
  facet normal 3.161445e-01 -9.487110e-01 0.000000e+00
    outer loop
      vertex -1.484126e+00 1.705700e+00 0.000000e+00
      vertex -1.869765e+00 1.577191e+00 3.000000e-01
      vertex -1.869765e+00 1.577191e+00 0.000000e+00
    endloop
  endfacet
  facet normal -3.161445e-01 9.487110e-01 0.000000e+00
    outer loop
      vertex -1.484126e+00 1.705700e+00 0.000000e+00
      vertex -1.869765e+00 1.577191e+00 3.000000e-01
      vertex -1.484126e+00 1.705700e+00 3.000000e-01
    endloop
  endfacet
  facet normal 3.161445e-01 -9.487110e-01 0.000000e+00
    outer loop
      vertex -1.484126e+00 1.705700e+00 0.000000e+00
      vertex -1.484126e+00 1.705700e+00 3.000000e-01
      vertex -1.869765e+00 1.577191e+00 3.000000e-01
    endloop
  endfacet
  facet normal 0.000000e+00 0.000000e+00 -1.000000e+00
    outer loop
      vertex -1.890235e+00 1.622809e+00 3.000000e-01
      vertex -1.495874e+00 1.754300e+00 3.000000e-01
      vertex -1.484126e+00 1.705700e+00 3.000000e-01
    endloop
  endfacet
  facet normal 0.000000e+00 0.000000e+00 1.000000e+00
    outer loop
      vertex -1.890235e+00 1.622809e+00 3.000000e-01
      vertex -1.484126e+00 1.705700e+00 3.000000e-01
      vertex -1.495874e+00 1.754300e+00 3.000000e-01
    endloop
  endfacet
  facet normal 0.000000e+00 0.000000e+00 -1.000000e+00
    outer loop
      vertex -1.890235e+00 1.622809e+00 3.000000e-01
      vertex -1.484126e+00 1.705700e+00 3.000000e-01
      vertex -1.869765e+00 1.577191e+00 3.000000e-01
    endloop
  endfacet
  facet normal -0.000000e+00 0.000000e+00 1.000000e+00
    outer loop
      vertex -1.890235e+00 1.622809e+00 3.000000e-01
      vertex -1.869765e+00 1.577191e+00 3.000000e-01
      vertex -1.484126e+00 1.705700e+00 3.000000e-01
    endloop
  endfacet
  facet normal 1.521093e-01 -9.883637e-01 0.000000e+00
    outer loop
      vertex -1.495874e+00 1.754300e+00 0.000000e+00
      vertex -1.101966e+00 1.814922e+00 0.000000e+00
      vertex -1.101966e+00 1.814922e+00 3.000000e-01
    endloop
  endfacet
  facet normal -1.521093e-01 9.883637e-01 0.000000e+00
    outer loop
      vertex -1.495874e+00 1.754300e+00 0.000000e+00
      vertex -1.101966e+00 1.814922e+00 3.000000e-01
      vertex -1.101966e+00 1.814922e+00 0.000000e+00
    endloop
  endfacet
  facet normal 1.521093e-01 -9.883637e-01 0.000000e+00
    outer loop
      vertex -1.495874e+00 1.754300e+00 0.000000e+00
      vertex -1.101966e+00 1.814922e+00 3.000000e-01
      vertex -1.495874e+00 1.754300e+00 3.000000e-01
    endloop
  endfacet
  facet normal -1.521093e-01 9.883637e-01 0.000000e+00
    outer loop
      vertex -1.495874e+00 1.754300e+00 0.000000e+00
      vertex -1.495874e+00 1.754300e+00 3.000000e-01
      vertex -1.101966e+00 1.814922e+00 3.000000e-01
    endloop
  endfacet
  facet normal -1.520041e-01 9.883799e-01 0.000000e+00
    outer loop
      vertex -1.098034e+00 1.765078e+00 0.000000e+00
      vertex -1.484126e+00 1.705700e+00 0.000000e+00
      vertex -1.484126e+00 1.705700e+00 3.000000e-01
    endloop
  endfacet
  facet normal 1.520041e-01 -9.883799e-01 0.000000e+00
    outer loop
      vertex -1.098034e+00 1.765078e+00 0.000000e+00
      vertex -1.484126e+00 1.705700e+00 3.000000e-01
      vertex -1.484126e+00 1.705700e+00 0.000000e+00
    endloop
  endfacet
  facet normal -1.520041e-01 9.883799e-01 0.000000e+00
    outer loop
      vertex -1.098034e+00 1.765078e+00 0.000000e+00
      vertex -1.484126e+00 1.705700e+00 3.000000e-01
      vertex -1.098034e+00 1.765078e+00 3.000000e-01
    endloop
  endfacet
  facet normal 1.520041e-01 -9.883799e-01 0.000000e+00
    outer loop
      vertex -1.098034e+00 1.765078e+00 0.000000e+00
      vertex -1.098034e+00 1.765078e+00 3.000000e-01
      vertex -1.484126e+00 1.705700e+00 3.000000e-01
    endloop
  endfacet
  facet normal 0.000000e+00 0.000000e+00 -1.000000e+00
    outer loop
      vertex -1.495874e+00 1.754300e+00 3.000000e-01
      vertex -1.101966e+00 1.814922e+00 3.000000e-01
      vertex -1.098034e+00 1.765078e+00 3.000000e-01
    endloop
  endfacet
  facet normal 0.000000e+00 0.000000e+00 1.000000e+00
    outer loop
      vertex -1.495874e+00 1.754300e+00 3.000000e-01
      vertex -1.098034e+00 1.765078e+00 3.000000e-01
      vertex -1.101966e+00 1.814922e+00 3.000000e-01
    endloop
  endfacet
  facet normal 0.000000e+00 0.000000e+00 -1.000000e+00
    outer loop
      vertex -1.495874e+00 1.754300e+00 3.000000e-01
      vertex -1.098034e+00 1.765078e+00 3.000000e-01
      vertex -1.484126e+00 1.705700e+00 3.000000e-01
    endloop
  endfacet
  facet normal -0.000000e+00 0.000000e+00 1.000000e+00
    outer loop
      vertex -1.495874e+00 1.754300e+00 3.000000e-01
      vertex -1.484126e+00 1.705700e+00 3.000000e-01
      vertex -1.098034e+00 1.765078e+00 3.000000e-01
    endloop
  endfacet
  facet normal 4.786365e-03 -9.999885e-01 0.000000e+00
    outer loop
      vertex -1.101966e+00 1.814922e+00 0.000000e+00
      vertex 9.916776e-01 1.824944e+00 0.000000e+00
      vertex 9.916776e-01 1.824944e+00 3.000000e-01
    endloop
  endfacet
  facet normal -4.786365e-03 9.999885e-01 0.000000e+00
    outer loop
      vertex -1.101966e+00 1.814922e+00 0.000000e+00
      vertex 9.916776e-01 1.824944e+00 3.000000e-01
      vertex 9.916776e-01 1.824944e+00 0.000000e+00
    endloop
  endfacet
  facet normal 4.786365e-03 -9.999885e-01 0.000000e+00
    outer loop
      vertex -1.101966e+00 1.814922e+00 0.000000e+00
      vertex 9.916776e-01 1.824944e+00 3.000000e-01
      vertex -1.101966e+00 1.814922e+00 3.000000e-01
    endloop
  endfacet
  facet normal -4.786365e-03 9.999885e-01 0.000000e+00
    outer loop
      vertex -1.101966e+00 1.814922e+00 0.000000e+00
      vertex -1.101966e+00 1.814922e+00 3.000000e-01
      vertex 9.916776e-01 1.824944e+00 3.000000e-01
    endloop
  endfacet
  facet normal -4.782897e-03 9.999886e-01 0.000000e+00
    outer loop
      vertex 9.883224e-01 1.775056e+00 0.000000e+00
      vertex -1.098034e+00 1.765078e+00 0.000000e+00
      vertex -1.098034e+00 1.765078e+00 3.000000e-01
    endloop
  endfacet
  facet normal 4.782897e-03 -9.999886e-01 0.000000e+00
    outer loop
      vertex 9.883224e-01 1.775056e+00 0.000000e+00
      vertex -1.098034e+00 1.765078e+00 3.000000e-01
      vertex -1.098034e+00 1.765078e+00 0.000000e+00
    endloop
  endfacet
  facet normal -4.782897e-03 9.999886e-01 0.000000e+00
    outer loop
      vertex 9.883224e-01 1.775056e+00 0.000000e+00
      vertex -1.098034e+00 1.765078e+00 3.000000e-01
      vertex 9.883224e-01 1.775056e+00 3.000000e-01
    endloop
  endfacet
  facet normal 4.782897e-03 -9.999886e-01 0.000000e+00
    outer loop
      vertex 9.883224e-01 1.775056e+00 0.000000e+00
      vertex 9.883224e-01 1.775056e+00 3.000000e-01
      vertex -1.098034e+00 1.765078e+00 3.000000e-01
    endloop
  endfacet
  facet normal 0.000000e+00 0.000000e+00 -1.000000e+00
    outer loop
      vertex -1.101966e+00 1.814922e+00 3.000000e-01
      vertex 9.916776e-01 1.824944e+00 3.000000e-01
      vertex 9.883224e-01 1.775056e+00 3.000000e-01
    endloop
  endfacet
  facet normal -0.000000e+00 0.000000e+00 1.000000e+00
    outer loop
      vertex -1.101966e+00 1.814922e+00 3.000000e-01
      vertex 9.883224e-01 1.775056e+00 3.000000e-01
      vertex 9.916776e-01 1.824944e+00 3.000000e-01
    endloop
  endfacet
  facet normal 0.000000e+00 0.000000e+00 -1.000000e+00
    outer loop
      vertex -1.101966e+00 1.814922e+00 3.000000e-01
      vertex 9.883224e-01 1.775056e+00 3.000000e-01
      vertex -1.098034e+00 1.765078e+00 3.000000e-01
    endloop
  endfacet
  facet normal 0.000000e+00 0.000000e+00 1.000000e+00
    outer loop
      vertex -1.101966e+00 1.814922e+00 3.000000e-01
      vertex -1.098034e+00 1.765078e+00 3.000000e-01
      vertex 9.883224e-01 1.775056e+00 3.000000e-01
    endloop
  endfacet
  facet normal -1.386848e-01 -9.903366e-01 0.000000e+00
    outer loop
      vertex 9.916776e-01 1.824944e+00 0.000000e+00
      vertex 1.495480e+00 1.754392e+00 0.000000e+00
      vertex 1.495480e+00 1.754392e+00 3.000000e-01
    endloop
  endfacet
  facet normal 1.386848e-01 9.903366e-01 0.000000e+00
    outer loop
      vertex 9.916776e-01 1.824944e+00 0.000000e+00
      vertex 1.495480e+00 1.754392e+00 3.000000e-01
      vertex 1.495480e+00 1.754392e+00 0.000000e+00
    endloop
  endfacet
  facet normal -1.386848e-01 -9.903366e-01 0.000000e+00
    outer loop
      vertex 9.916776e-01 1.824944e+00 0.000000e+00
      vertex 1.495480e+00 1.754392e+00 3.000000e-01
      vertex 9.916776e-01 1.824944e+00 3.000000e-01
    endloop
  endfacet
  facet normal 1.386848e-01 9.903366e-01 -0.000000e+00
    outer loop
      vertex 9.916776e-01 1.824944e+00 0.000000e+00
      vertex 9.916776e-01 1.824944e+00 3.000000e-01
      vertex 1.495480e+00 1.754392e+00 3.000000e-01
    endloop
  endfacet
  facet normal 1.386104e-01 9.903470e-01 0.000000e+00
    outer loop
      vertex 1.484520e+00 1.705608e+00 0.000000e+00
      vertex 9.883224e-01 1.775056e+00 0.000000e+00
      vertex 9.883224e-01 1.775056e+00 3.000000e-01
    endloop
  endfacet
  facet normal -1.386104e-01 -9.903470e-01 0.000000e+00
    outer loop
      vertex 1.484520e+00 1.705608e+00 0.000000e+00
      vertex 9.883224e-01 1.775056e+00 3.000000e-01
      vertex 9.883224e-01 1.775056e+00 0.000000e+00
    endloop
  endfacet
  facet normal 1.386104e-01 9.903470e-01 -0.000000e+00
    outer loop
      vertex 1.484520e+00 1.705608e+00 0.000000e+00
      vertex 9.883224e-01 1.775056e+00 3.000000e-01
      vertex 1.484520e+00 1.705608e+00 3.000000e-01
    endloop
  endfacet
  facet normal -1.386104e-01 -9.903470e-01 0.000000e+00
    outer loop
      vertex 1.484520e+00 1.705608e+00 0.000000e+00
      vertex 1.484520e+00 1.705608e+00 3.000000e-01
      vertex 9.883224e-01 1.775056e+00 3.000000e-01
    endloop
  endfacet
  facet normal 0.000000e+00 0.000000e+00 -1.000000e+00
    outer loop
      vertex 9.916776e-01 1.824944e+00 3.000000e-01
      vertex 1.495480e+00 1.754392e+00 3.000000e-01
      vertex 1.484520e+00 1.705608e+00 3.000000e-01
    endloop
  endfacet
  facet normal 0.000000e+00 0.000000e+00 1.000000e+00
    outer loop
      vertex 9.916776e-01 1.824944e+00 3.000000e-01
      vertex 1.484520e+00 1.705608e+00 3.000000e-01
      vertex 1.495480e+00 1.754392e+00 3.000000e-01
    endloop
  endfacet
  facet normal 0.000000e+00 -0.000000e+00 -1.000000e+00
    outer loop
      vertex 9.916776e-01 1.824944e+00 3.000000e-01
      vertex 1.484520e+00 1.705608e+00 3.000000e-01
      vertex 9.883224e-01 1.775056e+00 3.000000e-01
    endloop
  endfacet
  facet normal 0.000000e+00 0.000000e+00 1.000000e+00
    outer loop
      vertex 9.916776e-01 1.824944e+00 3.000000e-01
      vertex 9.883224e-01 1.775056e+00 3.000000e-01
      vertex 1.484520e+00 1.705608e+00 3.000000e-01
    endloop
  endfacet
  facet normal -2.983507e-01 -9.544563e-01 0.000000e+00
    outer loop
      vertex 1.495480e+00 1.754392e+00 0.000000e+00
      vertex 1.819667e+00 1.653055e+00 0.000000e+00
      vertex 1.819667e+00 1.653055e+00 3.000000e-01
    endloop
  endfacet
  facet normal 2.983507e-01 9.544563e-01 0.000000e+00
    outer loop
      vertex 1.495480e+00 1.754392e+00 0.000000e+00
      vertex 1.819667e+00 1.653055e+00 3.000000e-01
      vertex 1.819667e+00 1.653055e+00 0.000000e+00
    endloop
  endfacet
  facet normal -2.983507e-01 -9.544563e-01 0.000000e+00
    outer loop
      vertex 1.495480e+00 1.754392e+00 0.000000e+00
      vertex 1.819667e+00 1.653055e+00 3.000000e-01
      vertex 1.495480e+00 1.754392e+00 3.000000e-01
    endloop
  endfacet
  facet normal 2.983507e-01 9.544563e-01 -0.000000e+00
    outer loop
      vertex 1.495480e+00 1.754392e+00 0.000000e+00
      vertex 1.495480e+00 1.754392e+00 3.000000e-01
      vertex 1.819667e+00 1.653055e+00 3.000000e-01
    endloop
  endfacet
  facet normal 2.981973e-01 9.545043e-01 0.000000e+00
    outer loop
      vertex 1.800333e+00 1.606945e+00 0.000000e+00
      vertex 1.484520e+00 1.705608e+00 0.000000e+00
      vertex 1.484520e+00 1.705608e+00 3.000000e-01
    endloop
  endfacet
  facet normal -2.981973e-01 -9.545043e-01 0.000000e+00
    outer loop
      vertex 1.800333e+00 1.606945e+00 0.000000e+00
      vertex 1.484520e+00 1.705608e+00 3.000000e-01
      vertex 1.484520e+00 1.705608e+00 0.000000e+00
    endloop
  endfacet
  facet normal 2.981973e-01 9.545043e-01 -0.000000e+00
    outer loop
      vertex 1.800333e+00 1.606945e+00 0.000000e+00
      vertex 1.484520e+00 1.705608e+00 3.000000e-01
      vertex 1.800333e+00 1.606945e+00 3.000000e-01
    endloop
  endfacet
  facet normal -2.981973e-01 -9.545043e-01 0.000000e+00
    outer loop
      vertex 1.800333e+00 1.606945e+00 0.000000e+00
      vertex 1.800333e+00 1.606945e+00 3.000000e-01
      vertex 1.484520e+00 1.705608e+00 3.000000e-01
    endloop
  endfacet
  facet normal 0.000000e+00 0.000000e+00 -1.000000e+00
    outer loop
      vertex 1.495480e+00 1.754392e+00 3.000000e-01
      vertex 1.819667e+00 1.653055e+00 3.000000e-01
      vertex 1.800333e+00 1.606945e+00 3.000000e-01
    endloop
  endfacet
  facet normal 0.000000e+00 0.000000e+00 1.000000e+00
    outer loop
      vertex 1.495480e+00 1.754392e+00 3.000000e-01
      vertex 1.800333e+00 1.606945e+00 3.000000e-01
      vertex 1.819667e+00 1.653055e+00 3.000000e-01
    endloop
  endfacet
  facet normal 0.000000e+00 -0.000000e+00 -1.000000e+00
    outer loop
      vertex 1.495480e+00 1.754392e+00 3.000000e-01
      vertex 1.800333e+00 1.606945e+00 3.000000e-01
      vertex 1.484520e+00 1.705608e+00 3.000000e-01
    endloop
  endfacet
  facet normal 0.000000e+00 0.000000e+00 1.000000e+00
    outer loop
      vertex 1.495480e+00 1.754392e+00 3.000000e-01
      vertex 1.484520e+00 1.705608e+00 3.000000e-01
      vertex 1.800333e+00 1.606945e+00 3.000000e-01
    endloop
  endfacet
  facet normal -4.718501e-01 -8.816788e-01 0.000000e+00
    outer loop
      vertex 1.819667e+00 1.653055e+00 0.000000e+00
      vertex 2.254615e+00 1.420283e+00 0.000000e+00
      vertex 2.254615e+00 1.420283e+00 3.000000e-01
    endloop
  endfacet
  facet normal 4.718501e-01 8.816788e-01 0.000000e+00
    outer loop
      vertex 1.819667e+00 1.653055e+00 0.000000e+00
      vertex 2.254615e+00 1.420283e+00 3.000000e-01
      vertex 2.254615e+00 1.420283e+00 0.000000e+00
    endloop
  endfacet
  facet normal -4.718501e-01 -8.816788e-01 0.000000e+00
    outer loop
      vertex 1.819667e+00 1.653055e+00 0.000000e+00
      vertex 2.254615e+00 1.420283e+00 3.000000e-01
      vertex 1.819667e+00 1.653055e+00 3.000000e-01
    endloop
  endfacet
  facet normal 4.718501e-01 8.816788e-01 -0.000000e+00
    outer loop
      vertex 1.819667e+00 1.653055e+00 0.000000e+00
      vertex 1.819667e+00 1.653055e+00 3.000000e-01
      vertex 2.254615e+00 1.420283e+00 3.000000e-01
    endloop
  endfacet
  facet normal 4.714497e-01 8.818929e-01 0.000000e+00
    outer loop
      vertex 2.225385e+00 1.379717e+00 0.000000e+00
      vertex 1.800333e+00 1.606945e+00 0.000000e+00
      vertex 1.800333e+00 1.606945e+00 3.000000e-01
    endloop
  endfacet
  facet normal -4.714497e-01 -8.818929e-01 0.000000e+00
    outer loop
      vertex 2.225385e+00 1.379717e+00 0.000000e+00
      vertex 1.800333e+00 1.606945e+00 3.000000e-01
      vertex 1.800333e+00 1.606945e+00 0.000000e+00
    endloop
  endfacet
  facet normal 4.714497e-01 8.818929e-01 -0.000000e+00
    outer loop
      vertex 2.225385e+00 1.379717e+00 0.000000e+00
      vertex 1.800333e+00 1.606945e+00 3.000000e-01
      vertex 2.225385e+00 1.379717e+00 3.000000e-01
    endloop
  endfacet
  facet normal -4.714497e-01 -8.818929e-01 0.000000e+00
    outer loop
      vertex 2.225385e+00 1.379717e+00 0.000000e+00
      vertex 2.225385e+00 1.379717e+00 3.000000e-01
      vertex 1.800333e+00 1.606945e+00 3.000000e-01
    endloop
  endfacet
  facet normal 0.000000e+00 0.000000e+00 -1.000000e+00
    outer loop
      vertex 1.819667e+00 1.653055e+00 3.000000e-01
      vertex 2.254615e+00 1.420283e+00 3.000000e-01
      vertex 2.225385e+00 1.379717e+00 3.000000e-01
    endloop
  endfacet
  facet normal 0.000000e+00 0.000000e+00 1.000000e+00
    outer loop
      vertex 1.819667e+00 1.653055e+00 3.000000e-01
      vertex 2.225385e+00 1.379717e+00 3.000000e-01
      vertex 2.254615e+00 1.420283e+00 3.000000e-01
    endloop
  endfacet
  facet normal 0.000000e+00 -0.000000e+00 -1.000000e+00
    outer loop
      vertex 1.819667e+00 1.653055e+00 3.000000e-01
      vertex 2.225385e+00 1.379717e+00 3.000000e-01
      vertex 1.800333e+00 1.606945e+00 3.000000e-01
    endloop
  endfacet
  facet normal 0.000000e+00 0.000000e+00 1.000000e+00
    outer loop
      vertex 1.819667e+00 1.653055e+00 3.000000e-01
      vertex 1.800333e+00 1.606945e+00 3.000000e-01
      vertex 2.225385e+00 1.379717e+00 3.000000e-01
    endloop
  endfacet
  facet normal -6.871672e-01 -7.264993e-01 0.000000e+00
    outer loop
      vertex 2.254615e+00 1.420283e+00 0.000000e+00
      vertex 2.629326e+00 1.065859e+00 0.000000e+00
      vertex 2.629326e+00 1.065859e+00 3.000000e-01
    endloop
  endfacet
  facet normal 6.871672e-01 7.264993e-01 0.000000e+00
    outer loop
      vertex 2.254615e+00 1.420283e+00 0.000000e+00
      vertex 2.629326e+00 1.065859e+00 3.000000e-01
      vertex 2.629326e+00 1.065859e+00 0.000000e+00
    endloop
  endfacet
  facet normal -6.871672e-01 -7.264993e-01 0.000000e+00
    outer loop
      vertex 2.254615e+00 1.420283e+00 0.000000e+00
      vertex 2.629326e+00 1.065859e+00 3.000000e-01
      vertex 2.254615e+00 1.420283e+00 3.000000e-01
    endloop
  endfacet
